3,2
3,1
3,3
10,181
10,106
10,270
10,71
10,96
10,95
10,10
10,230
10,2
10,3
11,21
11,24
11,10
11,22
11,9
11,19
11,1
11,26
11,2
11,3
9,7
9,6
9,1
9,4
9,2
9,3
8,9
8,13
8,14
8,16
8,12
8,6
8,1
8,17
8,2
8,3
12,2
12,1
12,3
20,2
20,1
20,3
19,2
19,1
19,3
178,3
178,2
178,1
178,0
177,3
177,2
177,1
177,0
176,8
176,7
176,6
176,5
176,4
176,3
176,2
176,1
176,0
175,5
175,4
175,3
175,2
175,1
175,0
174,4
174,3
174,2
174,1
174,0
173,3
173,2
173,1
18,1
173,0
18,3
172,5
172,4
14,1
172,3
14,3
13,1
172,2
13,3
172,1
172,0
171,4
171,3
171,2
171,1
171,0
153,3
153,2
153,1
10,263
10,210
10,191
10,175
10,157
10,132
2,2
10,114
2,1
10,1
2,3
10,34
